0 128158.270968685 48090.4282717531 45482.1903855685 307293.677084678 96460.8424442175 346277.01178531 215159.145909238 212358.202446514 150582.391313367 117409.171746412 196005.103835939 88355.858413404 183292.916641156 319647.962408535 109846.416699055 152820.934601648 7559.80367577016 288328.730405481 53749.9861452889 177406.258915981 199912.569583006 303154.389910416 134206.744143024 63955.0322448748 342422.465213779 317287.327959881 47053.1434504432 257090.145457362 50826.1918434085 104769.178302891 297085.676744187 326577.147231023 21051.7279104597 58923.3943788659 152575.825203797 201032.412287058 205026.105952879 114642.388162898 108695.557306349
128158.270968685 0 168254.901741615 126918.355501782 196261.13158978 145235.144767025 218324.038438399 122313.180907322 143503.698566472 25569.2194697869 54523.4568020074 273531.327063087 129235.955439068 173608.865282812 210949.565314188 148505.784927482 51699.1851932032 126607.71863544 161478.530333 114021.268474721 234798.688961948 277483.053552347 214577.640496612 71456.4000929869 118327.483830127 282244.674431529 194452.966105256 152792.362709448 129826.321324367 114750.044406333 103383.765689258 177337.16038685 204392.985236758 123074.261786589 104892.378883444 28313.8041566263 271757.157821424 172143.678698984 13522.5065115004 21116.136498921
48090.4282717531 168254.901741615 0 48770.1493443097 353821.928629784 85009.1179587471 386006.418936736 262760.755266805 260419.78078778 188108.625492548 144943.21562739 154954.234772031 85228.1279204134 177868.999394927 343239.987813948 98864.6408049749 183064.977316644 45345.0733269895 324032.617436439 64391.6445291105 145133.48598708 158684.631379893 318398.623966167 156911.866787137 68880.4134051174 389434.684498544 361067.395997339 23020.3604938022 298073.528710532 62006.5306568887 114847.290306295 341826.306035695 357692.890224456 45256.6548474291 74098.9871054433 189688.984881326 162078.396090063 251268.126044372 154900.657341895 150610.395720235
45482.1903855685 126918.355501782 48770.1493443097 0 319490.71884312 50991.7278749321 341940.186893772 233401.425365706 238033.577470984 144109.954526914 97107.3444527954 161009.76261099 43691.962254981 139406.041324483 294479.482598808 64387.695658667 135533.203713009 37926.3366715191 277723.702830783 15665.9365015988 135911.061742224 165024.025310061 270753.74207142 108196.206469649 21452.3013914976 373409.163520376 321364.414672846 27694.1018128063 255564.428361417 13511.5770981177 67304.0590463035 303738.539489272 309668.26528539 24703.7412986228 25583.6510756528 145371.063460605 163774.898073351 239325.186693507 114203.845784054 111968.07994222
307293.677084678 196261.13158978 353821.928629784 319490.71884312 0 341420.340539772 123681.855144234 96902.7429723771 123899.412055923 188889.820761099 245723.765598506 469652.738492488 325455.525697569 353024.432563725 258021.332349942 343986.917002732 219039.610857917 308672.720189958 152357.913981722 308280.523327039 429443.486725123 473587.041531871 305343.477634159 254766.880343251 313768.140970991 164581.795211733 57690.7373574105 342848.273851573 103385.721338591 308547.983458889 297565.821914946 40371.5860914043 202343.49381869 309737.239455989 299830.311328181 189318.15215473 467390.714478929 176885.887504174 207276.055155462 207866.41068835
96460.8424442175 145235.144767025 85009.1179587471 50991.7278749321 341420.340539772 0 345892.394018745 263152.212204638 274146.771958832 155023.551679476 98909.3379408329 128303.317690381 16057.6613729455 92865.1269641965 274174.726204996 14067.167233391 134698.598419603 88910.0784353266 276118.807109826 47428.4928335196 92780.4151262443 132262.021518597 240962.550188939 99436.5089197159 36796.9561961847 412412.321269407 334923.456390602 63034.482515988 264972.447725154 49541.1421005738 48809.0688163563 320386.102516691 299574.350967701 75657.0813017045 49970.5316246365 155349.691654924 127125.293407513 282417.698517453 134999.226725726 136476.400964554
346277.01178531 218324.038438399 386006.418936736 341940.186893772 123681.855144234 345892.394018745 0 184226.485615573 223976.097497516 198047.530107272 248448.803771451 466717.05377058 331631.709715668 324023.296627887 162174.525317781 343394.702203628 211249.247071293 344924.770347325 75166.055731968 327478.911807442 419923.043350821 470289.371247858 222058.715215365 246839.20818013 328999.894321802 287961.280481511 66137.9782285923 369017.377131015 89938.3891489785 328845.343591803 297186.339094333 89180.2284850133 97598.2635225456 341068.474283947 317573.526840115 196639.456224251 460573.506258556 280682.364103588 231835.475721444 237628.874931558
215159.145909238 122313.180907322 262760.755266805 233401.425365706 96902.7429723771 263152.212204638 184226.485615573 0 41947.7265853152 126241.240897077 176708.651710341 390459.863690779 247157.643225423 294488.052124153 264718.006233537 268356.25532596 161976.077289389 217428.86676684 170880.780265803 224246.896001026 354929.357494139 394473.089851942 294349.040243452 191712.878737616 231397.898376848 164116.740291309 128415.732899971 254310.869402608 110845.673273849 223972.480113938 224988.614195867 102796.677008931 226865.002456446 220294.429340177 216987.923013667 127967.296575045 390230.762728064 97606.1719916285 129622.566652666 126802.059649077
212358.202446514 143503.698566472 260419.78078778 238033.577470984 123899.412055923 274146.771958832 223976.097497516 41947.7265853152 0 153607.783066715 197301.731065386 398450.838848553 258564.790884393 316896.650129514 305157.94569388 281223.834176107 189543.957867957 215982.148090433 212767.300726154 231296.765171574 366913.042552755 402478.380124455 331874.64566496 214941.137270767 239803.265938008 139571.38562807 164912.647001232 255548.920354523 152792.812198206 230488.857775366 241272.705618204 139002.401605001 268718.109491854 221321.139533895 225437.686103993 155817.267098184 399804.097352827 56706.3053283201 147446.518152132 142027.865429455
150582.391313367 25569.2194697869 188108.625492548 144109.954526914 188889.820761099 155023.551679476 198047.530107272 126241.240897077 153607.783066715 0 57044.5511832037 282288.037940996 139470.402507591 169066.46172817 185731.912215129 156082.800006059 36035.1736386308 148348.803199107 137799.072178332 130017.042913038 240731.155480857 286158.117690898 191986.24580469 67032.1120076054 132590.799510122 289635.349414711 180094.272839597 171011.925454666 111760.043959292 131202.130343424 109127.840357411 165486.992722647 179183.217722182 143435.31184592 120292.436917119 2920.40648410925 279195.781380487 188502.583586887 37633.3656115842 46493.6424881629
117409.171746412 54523.4568020074 144943.21562739 97107.3444527954 245723.765598506 98909.3379408329 248448.803771451 176708.651710341 197301.731065386 57044.5511832037 0 225399.664811749 83825.1682380287 119633.123152682 202239.013244289 99168.3952910483 38516.3637443375 112840.496344897 181443.19126148 81660.7512623393 183746.867755881 229251.259550025 189588.569694075 21780.9531318513 81322.0706832008 336459.969111403 236163.598930618 124799.755354481 166083.402792476 83596.8549661401 52099.0616054588 222366.226209964 212750.615415469 103965.695204036 71598.719058889 56998.1388596686 222157.280160455 221449.293172137 50237.3595032202 57513.9814351978
196005.103835939 273531.327063087 154954.234772031 161009.76261099 469652.738492488 128303.317690381 466717.05377058 390459.863690779 398450.838848553 282288.037940996 225399.664811749 0 144329.863269092 156092.434791494 369557.380518725 126231.604257675 258311.382976012 190016.332093404 393920.407774353 167219.967685148 49935.1911614982 4028.17894011283 320893.186868375 221451.098427386 159247.649282716 534418.43540804 461206.925379719 148953.977716707 390107.148429518 167964.502184066 173381.263696262 447749.392873586 408073.1612462 180917.167394092 173695.774094258 282375.050913894 15227.6830408496 399557.973042013 263224.687798976 264286.686121604
88355.858413404 129235.955439068 85228.1279204134 43691.962254981 325455.525697569 16057.6613729455 331631.709715668 247157.643225423 258564.790884393 139470.402507591 83825.1682380287 144329.863269092 0 95751.5831019076 265073.177385502 23989.6108391156 120398.831930745 80840.1521912863 262628.832274622 35870.1244895771 108387.439627879 148293.63473629 234990.969930689 86070.3308400599 24956.8670980359 397068.554364505 319498.141479123 62285.5774956097 249874.652430499 38466.0437113654 35852.4067917654 304697.189836077 287859.477482819 67306.9858911183 36102.6078004308 139878.145678279 143163.000365168 267968.525867956 118944.321638373 120447.342553592
183292.916641156 173608.865282812 177868.999394927 139406.041324483 353024.432563725 92865.1269641965 324023.296627887 294488.052124153 316896.650129514 169066.46172817 119633.123152682 156092.434791494 95751.5831019076 0 213580.607498582 79042.3974585198 135022.247975236 175892.296032972 249082.548604712 129601.051873359 106158.559079815 158851.090272601 166108.826884841 102785.710007293 119377.126419888 455853.429219109 331269.800546095 155784.317884031 259023.880660865 132494.263924334 84971.8556692673 323341.921815864 255360.149762476 162391.067363267 125968.360252554 167757.726647848 145859.188297372 339304.039277487 169772.085804381 176336.654310898
319647.962408535 210949.565314188 343239.987813948 294479.482598808 258021.332349942 274174.726204996 162174.525317781 264718.006233537 305157.94569388 185731.912215129 202239.013244289 369557.380518725 265073.177385502 213580.607498582 0 265605.046345002 168739.928840236 314970.804532164 105664.590440826 278910.039231678 319637.836091398 372385.050945456 64323.8018683747 186807.881793119 274884.786749851 413702.402631122 207977.227929839 321227.212879923 161278.261094747 281407.061915657 230392.198474548 217736.00081768 65001.6142212627 305440.582851947 269430.669073743 182865.316051628 359414.581882198 354864.522206101 221188.280081627 230978.127053387
109846.416699055 148505.784927482 98864.6408049749 64387.695658667 343986.917002732 14067.167233391 343394.702203628 268356.25532596 281223.834176107 156082.800006059 99168.3952910483 126231.604257675 23989.6108391156 79042.3974585198 265605.046345002 0 132957.296787134 102286.711497994 272442.604453049 59164.5171242362 86585.0061917307 130087.311792534 230198.56066382 96602.2605687577 48248.8792734176 420074.929625757 335126.807584374 77051.183689009 264378.914947049 61549.2096793353 47210.4398280135 321522.09619683 293518.649641523 88909.3330374595 60085.4617071999 156146.138497109 123407.699788493 291752.894121129 139160.754526136 141589.183045226
152820.934601648 51699.1851932032 183064.977316644 135533.203713009 219039.610857917 134698.598419603 211249.247071293 161976.077289389 189543.957867957 36035.1736386308 38516.3637443375 258311.382976012 120398.831930745 135022.247975236 168739.928840236 132957.296787134 0 148932.060940217 143085.900371109 120142.159187269 214114.485124023 262052.389347641 164782.919977012 36990.4732524429 119749.211042228 325600.83257599 203430.075163667 163226.043549796 131841.779802824 122030.70042153 86150.4634474279 191972.287599186 174807.719557277 141067.822324867 110073.624741842 34067.9016312522 253776.409258673 222739.208821821 57144.265790764 67172.2324968655
7559.80367577016 126607.71863544 45345.0733269895 37926.3366715191 308672.720189958 88910.0784353266 344924.770347325 217428.86676684 215982.148090433 148348.803199107 112840.496344897 190016.332093404 80840.1521912863 175892.296032972 314970.804532164 102286.711497994 148932.060940217 0 285879.90399321 46442.5316981984 170454.491509663 193945.934150427 297383.827602647 128972.178097829 56523.1359758249 347181.986579769 317294.796511579 41219.257211154 256056.898133967 43498.2383958012 97969.2742586558 297498.628596698 323183.314827335 13538.5001068906 52024.2804529567 150237.733676583 194719.466008617 210277.419315082 113091.357625285 107703.929363066
288328.730405481 161478.530333 324032.617436439 277723.702830783 152357.913981722 276118.807109826 75166.055731968 170880.780265803 212767.300726154 137799.072178332 181443.19126148 393920.407774353 262628.832274622 249082.548604712 105664.590440826 272442.604453049 143085.900371109 285879.90399321 0 262610.577436234 346425.536804102 397409.117708694 156723.171589389 176703.074295819 262765.157930134 310011.882178835 103855.375268906 305309.208949356 60494.4661163702 264309.519717839 227336.945612077 112077.199648907 56041.1599398376 280181.564037559 252551.522514694 135755.783651402 387207.461003009 266844.717975934 174697.26100063 182313.513285905
53749.9861452889 114021.268474721 64391.6445291105 15665.9365015988 308280.523327039 47428.4928335196 327478.911807442 224246.896001026 231296.765171574 130017.042913038 81660.7512623393 167219.967685148 35870.1244895771 129601.051873359 278910.039231678 59164.5171242362 120142.159187269 46442.5316981984 262610.577436234 0 137902.246244907 171248.122386358 255931.894530252 92538.323097084 10942.6303549613 368176.073138389 308342.522625585 43222.2241003598 241706.263096738 2980.95650493893 53085.3921665066 291290.368259514 294087.56130074 33092.0333805885 10071.9908834019 131148.212081494 168646.821642214 236149.137184398 101719.0215832 100414.344928865
177406.258915981 234798.688961948 145133.48598708 135911.061742224 429443.486725123 92780.4151262443 419923.043350821 354929.357494139 366913.042552755 240731.155480857 183746.867755881 49935.1911614982 108387.439627879 106158.559079815 319637.836091398 86585.0061917307 214114.485124023 170454.491509663 346425.536804102 137902.246244907 0 52766.1526965767 271247.368632853 177134.052907543 128214.835869734 505142.320123746 417544.356497234 132192.630800944 345776.245807401 139383.886217231 131920.358141252 405409.103926729 358848.594357778 159077.949633264 142203.791179434 240510.5593199 40856.6212218764 374044.874887735 225712.408723622 228142.485957557
199912.569583006 277483.053552347 158684.631379893 165024.025310061 473587.041531871 132262.021518597 470289.371247858 394473.089851942 402478.380124455 286158.117690898 229251.259550025 4028.17894011283 148293.63473629 158851.090272601 372385.050945456 130087.311792534 262052.389347641 193945.934150427 397409.117708694 171248.122386358 52766.1526965767 0 323353.267265514 225173.317730373 163271.025070172 538431.754388892 465006.396740366 152864.639770368 393862.84195175 171992.311156235 177216.296764934 451609.388592688 411259.161326432 184888.587104835 177719.26926197 286233.446682605 15547.303941047 403535.091321695 267199.67364216 268283.451032569
303154.389910416 214577.640496612 318398.623966167 270753.74207142 305343.477634159 240962.550188939 222058.715215365 294349.040243452 331874.64566496 191986.24580469 189588.569694075 320893.186868375 234990.969930689 166108.826884841 64323.8018683747 230198.56066382 164782.919977012 297383.827602647 156723.171589389 255931.894530252 271247.368632853 323353.267265514 0 169944.437284871 249728.904307529 452264.887379102 260457.063276199 295520.644077397 203192.999542516 258728.730867454 203617.17238772 266045.496544162 127330.15349675 286093.552645696 247478.400473261 189099.11933612 309443.851278326 376057.469940292 221779.470626725 231847.324043119
134206.744143024 71456.4000929869 156911.866787137 108196.206469649 254766.880343251 99436.5089197159 246839.20818013 191712.878737616 214941.137270767 67032.1120076054 21780.9531318513 221451.098427386 86070.3308400599 102785.710007293 186807.881793119 96602.2605687577 36990.4732524429 128972.178097829 176703.074295819 92538.323097084 177134.052907543 225173.317730373 169944.437284871 0 89747.2299412238 353394.201235147 240414.768727894 135468.813729321 168802.710199837 94910.5549156391 50636.7585022131 228672.359362455 202899.078384161 118827.448241253 82842.8746294692 66071.5219707006 216795.387019259 241561.510342531 69725.5181164018 77895.6858469694
63955.0322448748 118327.483830127 68880.4134051174 21452.3013914976 313768.140970991 36796.9561961847 328999.894321802 231397.898376848 239803.265938008 132590.799510122 81322.0706832008 159247.649282716 24956.8670980359 119377.126419888 274884.786749851 48248.8792734176 119749.211042228 56523.1359758249 262765.157930134 10942.6303549613 128214.835869734 163271.025070172 249728.904307529 89747.2299412238 0 377248.865556747 311984.020159911 46393.8979953014 244318.840503156 13514.881090111 46119.7857216338 295600.982030492 292394.063355249 43014.0244098329 14448.5527060777 133500.641230057 160014.166852934 246036.202045849 106582.087863512 106202.92369198
342422.465213779 282244.674431529 389434.684498544 373409.163520376 164581.795211733 412412.321269407 287961.280481511 164116.740291309 139571.38562807 289635.349414711 336459.969111403 534418.43540804 397068.554364505 455853.429219109 413702.402631122 420074.929625757 325600.83257599 347181.986579769 310011.882178835 368176.073138389 505142.320123746 538431.754388892 452264.887379102 353394.201235147 377248.865556747 0 222237.695601593 388062.879697594 252455.200119293 367096.890244803 380810.284731446 202845.156731269 363504.189171228 354456.212314889 363055.696976302 291533.096130883 536729.96937643 139112.573708857 286869.793483105 281598.171013632
317287.327959881 194452.966105256 361067.395997339 321364.414672846 57690.7373574105 334923.456390602 66137.9782285923 128415.732899971 164912.647001232 180094.272839597 236163.598930618 461206.925379719 319498.141479123 331269.800546095 207977.227929839 335126.807584374 203430.075163667 317294.796511579 103855.375268906 308342.522625585 417544.356497234 465006.396740366 260457.063276199 240414.768727894 311984.020159911 222237.695601593 0 346941.007335782 72361.6736088255 309158.132145307 287916.478390932 25911.1963539171 148573.45704144 315882.726570516 299008.412633141 179620.765111553 457115.611987392 221120.749612091 207240.947433151 210568.867119864
47053.1434504432 152792.362709448 23020.3604938022 27694.1018128063 342848.273851573 63034.482515988 369017.377131015 254310.869402608 255548.920354523 171011.925454666 124799.755354481 148953.977716707 62285.5774956097 155784.317884031 321227.212879923 77051.183689009 163226.043549796 41219.257211154 305309.208949356 43222.2241003598 132192.630800944 152864.639770368 295520.644077397 135468.813729321 46393.8979953014 388062.879697594 346941.007335782 0 282105.661440366 41202.9978112549 92085.7112870309 328661.91649772 337309.766402737 34277.0502139518 53237.0093832441 172378.161427706 154106.41894757 251463.067033031 139759.611495394 136618.183028049
257090.145457362 129826.321324367 298073.528710532 255564.428361417 103385.721338591 264972.447725154 89938.3891489785 110845.673273849 152792.812198206 111760.043959292 166083.402792476 390107.148429518 249874.652430499 259023.880660865 161278.261094747 264378.914947049 131841.779802824 256056.898133967 60494.4661163702 241706.263096738 345776.245807401 393862.84195175 203192.999542516 168802.710199837 244318.840503156 252455.200119293 72361.6736088255 282105.661440366 0 242816.455445138 217237.644045417 66729.201888648 116503.154102342 252900.143024589 232030.452403579 110823.493711561 385592.494457485 207648.421456642 143234.063991241 148414.187326323
50826.1918434085 114750.044406333 62006.5306568887 13511.5770981177 308547.983458889 49541.1421005738 328845.343591803 223972.480113938 230488.857775366 131202.130343424 83596.8549661401 167964.502184066 38466.0437113654 132494.263924334 281407.061915657 61549.2096793353 122030.70042153 43498.2383958012 264309.519717839 2980.95650493893 139383.886217231 171992.311156235 258728.730867454 94910.5549156391 13514.881090111 367096.890244803 309158.132145307 41202.9978112549 242816.455445138 0 56008.1830783926 291918.660062755 296168.009317135 30125.7026463464 12113.7148285172 132388.943216704 169647.806675999 234674.272237507 102301.140424359 100706.092437743
104769.178302891 103383.765689258 114847.290306295 67304.0590463035 297565.821914946 48809.0688163563 297186.339094333 224988.614195867 241272.705618204 109127.840357411 52099.0616054588 173381.263696262 35852.4067917654 84971.8556692673 230392.198474548 47210.4398280135 86150.4634474279 97969.2742586558 227336.945612077 53085.3921665066 131920.358141252 177216.296764934 203617.17238772 50636.7585022131 46119.7857216338 380810.284731446 287916.478390932 92085.7112870309 217237.644045417 56008.1830783926 0 274444.159160327 252013.480126751 85275.1168925168 45964.6361575923 109093.183654146 170068.889934169 257805.97699427 95413.0504834934 99434.7429003861
297085.676744187 177337.16038685 341826.306035695 303738.539489272 40371.5860914043 320386.102516691 89180.2284850133 102796.677008931 139002.401605001 165486.992722647 222366.226209964 447749.392873586 304697.189836077 323341.921815864 217736.00081768 321522.09619683 191972.287599186 297498.628596698 112077.199648907 291290.368259514 405409.103926729 451609.388592688 266045.496544162 228672.359362455 295600.982030492 202845.156731269 25911.1963539171 328661.91649772 66729.201888648 291918.660062755 274444.159160327 0 162162.153001115 296841.617010607 282228.588983702 165376.099253742 444388.135473151 195242.169255217 189620.84645632 192050.594024056
326577.147231023 204392.985236758 357692.890224456 309668.26528539 202343.49381869 299574.350967701 97598.2635225456 226865.002456446 268718.109491854 179183.217722182 212750.615415469 408073.1612462 287859.477482819 255360.149762476 65001.6142212627 293518.649641523 174807.719557277 323183.314827335 56041.1599398376 294087.56130074 358848.594357778 411259.161326432 127330.15349675 202899.078384161 292394.063355249 363504.189171228 148573.45704144 337309.766402737 116503.154102342 296168.009317135 252013.480126751 162162.153001115 0 315808.008351337 284087.326076035 176695.745832962 399552.44723321 322461.139417772 216811.633584616 225503.111008423
21051.7279104597 123074.261786589 45256.6548474291 24703.7412986228 309737.239455989 75657.0813017045 341068.474283947 220294.429340177 221321.139533895 143435.31184592 103965.695204036 180917.167394092 67306.9858911183 162391.067363267 305440.582851947 88909.3330374595 141067.822324867 13538.5001068906 280181.564037559 33092.0333805885 159077.949633264 184888.587104835 286093.552645696 118827.448241253 43014.0244098329 354456.212314889 315882.726570516 34277.0502139518 252900.143024589 30125.7026463464 85275.1168925168 296841.617010607 315808.008351337 0 39355.9042020458 145126.605363407 184868.023326572 218656.457807582 109686.333190755 105371.336585936
58923.3943788659 104892.378883444 74098.9871054433 25583.6510756528 299830.311328181 49970.5316246365 317573.526840115 216987.923013667 225437.686103993 120292.436917119 71598.719058889 173695.774094258 36102.6078004308 125968.360252554 269430.669073743 60085.4617071999 110073.624741842 52024.2804529567 252551.522514694 10071.9908834019 142203.791179434 177719.26926197 247478.400473261 82842.8746294692 14448.5527060777 363055.696976302 299008.412633141 53237.0093832441 232030.452403579 12113.7148285172 45964.6361575923 282228.588983702 284087.326076035 39355.9042020458 0 121369.414025813 174412.267017453 232447.266775349 92847.6822130286 92084.6424475632
152575.825203797 28313.8041566263 189688.984881326 145371.063460605 189318.15215473 155349.691654924 196639.456224251 127967.296575045 155817.267098184 2920.40648410925 56998.1388596686 282375.050913894 139878.145678279 167757.726647848 182865.316051628 156146.138497109 34067.9016312522 150237.733676583 135755.783651402 131148.212081494 240510.5593199 286233.446682605 189099.11933612 66071.5219707006 133500.641230057 291533.096130883 179620.765111553 172378.161427706 110823.493711561 132388.943216704 109093.183654146 165376.099253742 176695.745832962 145126.605363407 121369.414025813 0 279127.809864694 191129.584789291 40130.3420041924 49139.5580238028
201032.412287058 271757.157821424 162078.396090063 163774.898073351 467390.714478929 127125.293407513 460573.506258556 390230.762728064 399804.097352827 279195.781380487 222157.280160455 15227.6830408496 143163.000365168 145859.188297372 359414.581882198 123407.699788493 253776.409258673 194719.466008617 387207.461003009 168646.821642214 40856.6212218764 15547.303941047 309443.851278326 216795.387019259 160014.166852934 536729.96937643 457115.611987392 154106.41894757 385592.494457485 169647.806675999 170068.889934169 444388.135473151 399552.44723321 184868.023326572 174412.267017453 279127.809864694 0 403041.168598735 261962.711114873 263601.364705405
205026.105952879 172143.678698984 251268.126044372 239325.186693507 176885.887504174 282417.698517453 280682.364103588 97606.1719916285 56706.3053283201 188502.583586887 221449.293172137 399557.973042013 267968.525867956 339304.039277487 354864.522206101 291752.894121129 222739.208821821 210277.419315082 266844.717975934 236149.137184398 374044.874887735 403535.091321695 376057.469940292 241561.510342531 246036.202045849 139112.573708857 221120.749612091 251463.067033031 207648.421456642 234674.272237507 257805.97699427 195242.169255217 322461.139417772 218656.457807582 232447.266775349 191129.584789291 403041.168598735 0 171842.041839889 163938.964279011
114642.388162898 13522.5065115004 154900.657341895 114203.845784054 207276.055155462 134999.226725726 231835.475721444 129622.566652666 147446.518152132 37633.3656115842 50237.3595032202 263224.687798976 118944.321638373 169772.085804381 221188.280081627 139160.754526136 57144.265790764 113091.357625285 174697.26100063 101719.0215832 225712.408723622 267199.67364216 221779.470626725 69725.5181164018 106582.087863512 286869.793483105 207240.947433151 139759.611495394 143234.063991241 102301.140424359 95413.0504834934 189620.84645632 216811.633584616 109686.333190755 92847.6822130286 40130.3420041924 261962.711114873 171842.041839889 0 10078.2099636382
108695.557306349 21116.136498921 150610.395720235 111968.07994222 207866.41068835 136476.400964554 237628.874931558 126802.059649077 142027.865429455 46493.6424881629 57513.9814351978 264286.686121604 120447.342553592 176336.654310898 230978.127053387 141589.183045226 67172.2324968655 107703.929363066 182313.513285905 100414.344928865 228142.485957557 268283.451032569 231847.324043119 77895.6858469694 106202.92369198 281598.171013632 210568.867119864 136618.183028049 148414.187326323 100706.092437743 99434.7429003861 192050.594024056 225503.111008423 105371.336585936 92084.6424475632 49139.5580238028 263601.364705405 163938.964279011 10078.2099636382 0
